70
3 32085 75534 82967
3 41003 7552 70098
3 33739 61298 32771
3 54956 11880 24622
3 42033 92513 14779
3 83924 26923 6272
3 61157 1679 620
3 79563 55283 54094
3 56433 97319 32533
3 22821 95902 42969
3 70268 69258 74687
3 92942 40995 36756
3 60310 13993 10644
3 13440 25708 84043
3 76341 83062 12898
3 77794 21374 54681
3 28440 35983 29760
2 97666 90043
2 35698 16640
2 7742 83942
2 50671 98840
2 2573 58251
2 23015 48870
2 48110 46106
2 8294 6751
2 27350 10224
2 50389 37948
2 67926 63779
2 34364 12634
2 64705 81280
2 53103 63463
2 58496 50572
2 63368 66165
2 75138 36008
2 4502 39689
2 65032 21315
2 65330 74712
2 83374 45991
2 53960 3219
2 61112 17108
2 5202 4520
2 15766 66437
2 26662 92780
2 48349 95209
2 14671 89062
2 8043 13579
2 31752 6393
2 91904 3979
2 18778 95323
2 38486 63229
2 83149 59114
2 85576 50326
2 48273 67431
2 35555 38317
2 22305 23974
2 56206 71598
2 53007 93335
2 69893 88520
2 31888 4131
2 34905 40898
2 68253 29928
2 75282 60711
2 6463 89786
2 47583 36163
2 4617 27683
2 53187 21888
2 90928 44316
2 78938 28902
2 44496 24356
2 30470 83486
