171
3 82967 75534 32085
3 70098 7552 41003
3 32771 33739 61298
3 11880 54956 24622
3 32533 42033 14779
3 1679 61157 620
3 54094 79563 55283
3 6272 83924 26923
3 4502 56433 39689
3 22821 42969 95902
3 74687 25708 69258
3 36756 97319 67431
3 63229 92513 66165
3 34364 60310 29760
3 74712 65330 90043
3 76341 28440 23015
3 54681 21374 77794
3 10644 98840 7742
3 40995 67926 63779
3 3979 13993 37948
3 63463 83942 50572
3 48349 2573 58251
3 12898 68253 35983
3 31752 48870 63368
3 29569 16640 35698
3 83062 10224 46106
3 48110 50326 53960
3 4520 27350 5202
3 81280 64705 78
3 8294 6393 83149
3 75138 36008 32043
3 13440 38486 84043
2 97666 50671
2 92780 26662
2 83374 61112
2 4131 92942
2 65032 95323
2 15766 66437
2 23974 17108
2 91904 90928
2 59114 53103
2 8043 13579
2 18778 89220
2 89062 14671
2 34905 71598
2 50389 47583
2 69893 88520
2 58496 78938
2 80502 21315
2 53007 93335
2 35555 38317
2 60711 56206
2 3720 95209
2 53187 21888
2 31888 4617
2 45991 84684
2 1418 29928
2 24356 6463
2 73834 36163
2 28963 12634
2 30470 83486
2 75282 62599
2 87434 48273
2 2076 6751
2 22305 71672
2 27683 39151
2 89786 29180
2 62748 44316
2 56873 24063
2 58980 72914
2 3219 44489
2 23130 91657
2 94717 28902
2 44496 4857
2 3409 81842
2 94673 72591
2 18982 16714
2 75071 3705
2 72458 47774
2 51332 49745
2 58271 6141
2 94015 28344
2 88025 34273
2 88708 33129
2 96441 52009
2 64778 69719
2 51407 83576
2 70268 93307
2 40898 94029
2 63749 14445
2 97484 9387
2 62033 85576
2 37860 41871
2 43917 70045
2 69120 15098
2 58353 70053
2 52386 35231
2 73367 77025
2 3091 34264
2 93007 83325
2 59440 38095
2 95275 50288
2 74582 12990
2 1837 24132
2 16482 98941
2 61670 27626
2 42908 56824
2 56272 77120
2 83806 832
2 385 48399
2 76291 47643
2 14500 77202
2 85432 47603
2 74295 65275
2 12290 1029
2 64173 19552
2 58265 47887
2 10972 61486
2 28006 92038
2 25810 74796
2 23076 10927
2 75153 95806
2 75338 23705
2 17637 36091
2 45701 56085
2 1175 21967
2 98205 916
2 3406 62257
2 87780 48769
2 55795 46302
2 39425 10304
2 20917 54564
2 52138 24748
2 51546 57809
2 13726 25626
2 16758 15926
2 59336 36766
2 97508 13344
2 49227 37213
2 54322 64395
2 86219 65094
2 14538 2328
2 57786 33340
2 24819 6168
2 55218 46451
2 22539 35646
2 67002 96623
2 59851 77397
2 26584 79043
2 12724 81993
2 80567 20294
2 58880 90217
2 3010 71427
2 28717 53962
2 9932 27536
2 31615 49527
2 25501 25884
2 26537 26083
2 67147 99602
2 85025 15667
2 16266 9120
2 81714 4245
2 49276 73665
2 33627 84917
2 6067 92099
2 38526 61952
2 36174 75775
2 94725 29743
2 13504 30954
2 97425 23585
2 90720 1337
